657 9 .00974573
849 9 .0200223
1790 9 .00989043
2984 9 .0167459
3342 9 .0180066
3358 9 .022357
7147 9 .0244863
7267 9 .0125234
7287 9 .0151894
7291 9 .0139668
7680 9 .0106374
7684 9 .0137573
7700 9 .0115038
7702 9 .0188766
7703 9 .0195417
7708 9 .0181557
7750 9 .01436
7760 9 .0107771
7823 9 .0257881
7879 9 .0171849
8071 9 .0106985
8078 9 .0119514
8095 9 .0130881
8104 9 .014147
8105 9 .0114281
8107 9 .014392
8108 9 .0232333
8109 9 .0155226
8110 9 .0232129
8111 9 .0279528
8112 9 .0174917
8113 9 .044309
8114 9 .0196823
8115 9 .123935
8848 9 .0145063
8866 9 .01242
8869 9 .0094567
8870 9 .0113232
8876 9 .0168944
8907 9 .013325
8909 9 .0156589
8916 9 .0292392
9824 9 .0137079
10023 9 .010028
10059 9 .0134541
10060 9 .020836
10061 9 .0176053
10062 9 .0174832
10063 9 .0128566
10064 9 .219799
10065 9 .211692
10066 9 .173281
10067 9 .0121204
10068 9 .174137
10069 9 .189833
10070 9 .0540142
10071 9 .0169352
10072 9 .0226996
10073 9 .0209918
10074 9 .0781501
10185 9 .0162847
10195 9 .0168342
12354 9 .0272397
12526 9 .015978
12531 9 .0139636
12934 9 .0162029
16346 9 .0197584
16348 9 .0115135
16358 9 .0254381
19757 9 .0157865
19761 9 .0107411
20084 9 .0149395
20090 9 .014572
20113 9 .0203754
20115 9 .0122714
20121 9 .0105467
20125 9 .0128659
20128 9 .0115431
20129 9 .0234941
20150 9 .014856
20331 9 .0170995
20375 9 .0139286
24219 9 .0213322
24263 9 .013095
24271 9 .0144465
24276 9 .0202534
24280 9 .0121361
24282 9 .0156714
24311 9 .0178266
24398 9 .0136787
25507 9 .0200031
25922 9 .0262384
26027 9 .0107365
26287 9 .0157797
26310 9 .0244105
27749 9 .0128973
27750 9 .0161887
27760 9 .0125762
27784 9 .0156561
27799 9 .0264139
27800 9 .00915632
27801 9 .0143422
27802 9 .01178
27803 9 .0143568
27804 9 .0143056
27805 9 .0154543
27806 9 .025773
27807 9 .0260481
27808 9 .012815
27809 9 .0214411
27810 9 .0164841
27811 9 .0132337
27812 9 .0139482
27813 9 .197296
27814 9 .209549
27815 9 .189041
27816 9 .0215421
27817 9 .0260229
27818 9 .170743
27819 9 .0592705
27820 9 .0378219
27821 9 .0267831
27822 9 .0192737
27823 9 .0182688
27824 9 .0184754
27825 9 .0360315
27826 9 .0193985
27827 9 .0593304
27828 9 .0401707
27829 9 .0350455
27830 9 .0462339
27831 9 .305519
27868 9 .0156685
28377 9 .0100165
29888 9 .0161772
29895 9 .0138043
29922 9 .011965
29925 9 .010814
29944 9 .01636
30721 9 .0133621
30736 9 .0133718
34972 9 .0104756
34980 9 .0134824
34993 9 .0106774
34995 9 .00898956
34996 9 .010576
34998 9 .0139968
34999 9 .0129592
35000 9 .0162586
35001 9 .032144
35002 9 .0109178
35003 9 .0159262
35004 9 .0237206
35005 9 .0121613
35006 9 .0425588
35007 9 .0659557
35008 9 .0320988
35009 9 .203707
35052 9 .0133445
35070 9 .0157802
35074 9 .0270052
35097 9 .0135431
35116 9 .0192623
35117 9 .0260887
35119 9 .0198193
35120 9 .0231921
35121 9 .0165522
35122 9 .0217635
35123 9 .064568
35124 9 .0343573
35125 9 .0480088
35126 9 .0336566
35127 9 .0592193
35128 9 .0632856
35129 9 .0468532
35130 9 .0495993
35131 9 .179681
35132 9 .184221
35133 9 .200134
35134 9 .224893
35135 9 .572711
35143 9 .179879
35287 9 .156346
35357 9 .0295234
35405 9 .0175119
35407 9 .0190767
35408 9 .0171232
35409 9 .025614
35410 9 .0186236
35411 9 .0292401
35412 9 .0137454
35413 9 .0842361
35414 9 .0385191
35415 9 .0494672
35416 9 .0477077
35417 9 .0441415
35418 9 .047838
35419 9 .162818
35420 9 .348649
35421 9 .349078
35422 9 2.53442
35559 9 .0135402
43488 9 .0123762
43507 9 .021196
44103 9 .0517705
50714 9 .00968656
50724 9 .0161367
52930 9 .0182852
64888 9 .0112589
64927 9 .0178128
64964 9 .0112039
64965 9 .010291
64966 9 .0137071
64967 9 .0173147
64968 9 .0134211
64969 9 .0195359
64970 9 .00910309
64971 9 .0114648
64972 9 .0119503
64973 9 .0107261
64974 9 .0224059
64975 9 .0241406
64976 9 .0296718
64977 9 .0404379
64978 9 .0223554
64979 9 .0161139
64980 9 .0132825
64981 9 .0146144
64982 9 .0316187
64983 9 .105285
64984 9 .0774484
64985 9 .0740317
64986 9 .0387094
64987 9 .0840571
64988 9 .240314
64989 9 .216895
64990 9 1.15409
65085 9 .0878401
91900 9 .0133659
91901 9 .0156772
91902 9 .0103546
91903 9 .161918
91904 9 .0135675
91905 9 .0213964
91906 9 .00890754
91913 9 .220369
91934 9 .0105708
91944 9 .233559
91945 9 .0103108
91946 9 .00931808
91947 9 .0104136
91948 9 .0130493
91949 9 .0102145
91950 9 .00973215
91951 9 .0103153
91952 9 .0101312
91953 9 .0101079
91954 9 .0105915
91955 9 .0137322
91956 9 .0142622
91957 9 .00777916
91958 9 .0142026
91959 9 .0195068
91960 9 .0148199
91961 9 .00852408
91962 9 .010786
91963 9 .0140398
91964 9 .0106003
91965 9 .0102633
91966 9 .0176639
91967 9 .0151124
91968 9 .0134235
91969 9 .0120262
91970 9 .0189736
91971 9 .0116875
91972 9 .014997
91973 9 .0172883
91974 9 .030701
91975 9 .0193123
91976 9 .0209627
91977 9 .0482556
91978 9 .00733182
92061 9 .0203525
92062 9 .0113266
92064 9 .0103344
92065 9 .0154016
92066 9 .0128393
92067 9 .0177034
92069 9 .0115703
92070 9 .0136083
92071 9 .0140703
92072 9 .0129409
92073 9 .0189056
92074 9 .0267983
92075 9 .0296708
92076 9 .0276554
92077 9 .0144544
92078 9 .0224515
92079 9 .0438819
92080 9 .0828757
92081 9 .302675
92082 9 .264688
92758 9 .0113242
92788 9 .0104653
92888 9 .00929533
92891 9 .162943
92905 9 .0165958
92948 9 .00635889
92949 9 .0113723
92950 9 .243143
92951 9 .0138853
92952 9 .192183
92953 9 .0142083
92954 9 .0114381
92955 9 .0142362
92956 9 .0208035
92957 9 .0128941
92958 9 .0185953
92959 9 .0163323
92960 9 .0124602
92961 9 .0167482
92962 9 .0128574
92963 9 .0126117
92964 9 .0128346
92965 9 .0203754
92966 9 .0201256
92967 9 .0166949
92968 9 .0201023
92969 9 .0156588
92970 9 .0300255
92971 9 .0289102
92972 9 .0673105
92973 9 .0262445
92974 9 .0677784
92975 9 .24082
92985 9 .0129808
93340 9 .0223847
94525 9 .0135068
94913 9 .0129855
97951 9 .0159476
97958 9 .0121127
97963 9 .0146423
97999 9 .0220623
98094 9 .0176227
100316 9 .0130973
100669 9 .057759
102064 9 .0563678
108816 9 .00899559
108817 9 .0144974
108818 9 .00807589
108819 9 .0126783
108820 9 .0176006
108821 9 .0193966
108822 9 .0100279
108823 9 .0193906
108824 9 .0163193
108825 9 .011482
108826 9 .0104787
108827 9 .0106476
108828 9 .0139436
108829 9 .0126981
108830 9 .0133158
108831 9 .00838978
108832 9 .0228113
108833 9 .15255
108834 9 .0190208
108835 9 .0956119
108842 9 .0105488
108870 9 .0124724
108899 9 .0105323
108930 9 .00712648
108955 9 .00986176
108977 9 .00983938
108978 9 .00887383
108979 9 .0100121
108980 9 .0128746
108981 9 .00608764
108982 9 .00966859
108983 9 .010368
108984 9 .00924583
108985 9 .0181961
108986 9 .0103582
108987 9 .00868926
108989 9 .00968894
108990 9 .0123193
108991 9 .00860206
108992 9 .0104488
108993 9 .0142291
108994 9 .0113543
108995 9 .00885413
108996 9 .0113863
108997 9 .0182165
108998 9 .0142678
108999 9 .0208464
109000 9 .0120592
109002 9 .0111824
109003 9 .0174025
109004 9 .0131287
109005 9 .00934444
109006 9 .0138373
109007 9 .0151945
109008 9 .0142572
109009 9 .0297905
109010 9 .0176672
109011 9 .0192035
109012 9 .0231232
109013 9 .0145312
109014 9 .0171088
109015 9 .0190882
109016 9 .0336121
109017 9 .035537
109018 9 .0345725
109019 9 .0560508
109020 9 .0571429
109021 9 .186731
109025 9 .0129578
109332 9 .0105315
109333 9 .03417
109334 9 .0248582
109337 9 .015112
109338 9 .0204158
109339 9 .0205403
109340 9 .015534
109341 9 .0144231
109342 9 .158388
109343 9 .0213839
109344 9 .161337
109345 9 .208224
109346 9 .0159741
109347 9 .0170167
109348 9 .291651
109349 9 .035563
109350 9 .0727975
109351 9 .0471946
109352 9 .0303646
109353 9 .0630739
109354 9 .0598788
109355 9 .03443
109356 9 .0495954
109357 9 .0326451
109358 9 .167343
109359 9 .141687
109360 9 .223094
109361 9 .142008
109362 9 1.41891
109531 9 .00907415
109532 9 .00986499
109533 9 .0143573
109535 9 .0482732
109536 9 .00893271
109537 9 .0102932
109538 9 .0116854
109539 9 .0156314
109540 9 .0137933
109542 9 .0124987
109543 9 .014134
109544 9 .0153208
109545 9 .0163958
109546 9 .00824619
109547 9 .0125569
109548 9 .0341704
109549 9 .0295753
109550 9 .0162757
109551 9 .0215467
109552 9 .0441387
109553 9 .0230666
109554 9 .0237856
109555 9 .0525059
109556 9 .0614672
109557 9 .0427947
109558 9 .0442868
109559 9 .122257
109561 9 .0151611
109562 9 .0417529
109563 9 .019903
109564 9 .0190347
109565 9 .0372943
109566 9 .0270562
109567 9 .0832009
109569 9 .0185643
109570 9 .0139871
109571 9 .0357933
109572 9 .042797
109573 9 .0710834
109574 9 .0212077
109575 9 .0289388
109576 9 .0661832
109577 9 .0550724
109578 9 .132074
109579 9 .113428
109580 9 .0315213
109581 9 .047876
109582 9 .0527111
109583 9 .253086
109584 9 .254255
109585 9 .289107
109586 9 .0560772
109587 9 .0572879
109588 9 .248209
109589 9 .169752
109590 9 .233532
109591 9 .186456
109592 9 .149649
109593 9 1.04629
109594 9 .010463
109595 9 .0164937
109596 9 .0169542
109598 9 .0167874
109599 9 .0241677
109600 9 .0197673
109601 9 .022869
109602 9 .0908442
109603 9 .0536051
109604 9 .0745684
109605 9 .0618039
109606 9 .305334
109607 9 .494596
109608 9 .234147
109609 9 1.41875
109610 9 .0530908
109611 9 .0548664
109612 9 .0697451
109613 9 .224211
109614 9 .675027
109615 9 .104508
109616 9 .621016
109617 9 .189637
109618 9 1.23959
109619 9 .919026
109620 9 1.1681
109621 9 5.50385
109622 9 .0515637
109623 9 .044817
109624 9 .0486214
109626 9 .107184
109627 9 .480269
109628 9 .389091
109629 9 .237634
109630 9 .233974
109631 9 .277017
109632 9 .155965
109633 9 .331894
109634 9 .238742
109635 9 1.23622
109636 9 .967962
109637 9 1.63793
109638 9 .960793
109639 9 6.12656
109640 9 .339318
109641 9 1.66246
109642 9 1.05224
109643 9 5.46641
109644 9 3.48403
109645 9 7.03071
109646 9 4.50788
109647 9 29.578
109648 9 22.136
109649 9 138.087
109661 9 .0208182
109662 9 .0123132
109685 9 .0217954
110028 9 .0778234
110312 9 .0181327
110318 9 .0090193
110395 9 .0133666
110463 9 .00766414
110697 9 .0279224
111231 9 .0129087
111232 9 .0120941
111233 9 .0182837
111234 9 .568956
111235 9 .0139151
111236 9 .0202537
111237 9 .0062976
111239 9 .00984458
111240 9 .0207114
111241 9 .00997071
111242 9 .0224125
111243 9 .0127932
111244 9 .00852257
111245 9 1.06667
111246 9 .0092951
111247 9 .0256714
111248 9 .0177664
111249 9 .0247362
111250 9 .0287413
111252 9 .0237902
111253 9 .0087471
111254 9 .0149754
111255 9 .00948353
111256 9 .0180548
111257 9 .211432
111258 9 .036392
111259 9 .0554425
111260 9 .0518873
111261 9 .0376247
111262 9 .0427194
111263 9 .0231671
111264 9 .27353
111265 9 .0695631
111266 9 .151916
111267 9 .246082
111268 9 .15745
111269 9 .0906744
111270 9 .686936
111444 9 .0139953
111505 9 .0416969
111508 9 .0731156
111509 9 .0351672
111510 9 .119961
111511 9 .0574346
111513 9 .0370453
111514 9 .188555
111515 9 .0828335
111516 9 .224654
111517 9 .185458
111518 9 .143425
111519 9 .51001
111520 9 .135462
111521 9 .132793
111522 9 .185562
111523 9 2.74004
111524 9 1.57656
111525 9 .941958
111526 9 .877461
111527 9 7.32851
111718 9 .0129387
111719 9 .0062036
111720 9 .0103459
111721 9 .0060914
111722 9 .0240248
111723 9 .0339331
111724 9 .033381
111725 9 .0202056
111726 9 .0389963
111727 9 .0166701
111728 9 .0709637
111729 9 .0292145
111730 9 .0560002
111731 9 .0770786
111732 9 .157533
111733 9 .270826
111734 9 .178353
111735 9 .552466
111739 9 .0335789
126259 9 .00644689
126263 9 .518138
126284 9 .0458583
127813 9 .463292
176147 9 .0174232
176304 9 .0403179
176325 9 .0112993
176326 9 .0291355
176327 9 .0139202
176329 9 .0386804
176330 9 .0225836
176331 9 .0454419
176332 9 .0437326
176333 9 .161982
176334 9 .0741186
176335 9 .0583214
176336 9 .0504989
176337 9 .777568
176338 9 .194948
176339 9 .952305
176340 9 .971052
176341 9 1.02863
176342 9 6.28397
177283 9 .0159554
177284 9 .00680524
177285 9 .0123669
177286 9 .0178266
177287 9 .025099
177288 9 .0140843
177289 9 .0150301
177290 9 .0422537
177291 9 .02741
177292 9 .0173975
177293 9 .0468182
177294 9 .0367795
177295 9 .0615435
177296 9 .041486
177297 9 .0286953
177298 9 .106688
177299 9 .395813
177300 9 .0478526
177301 9 .320924
177302 9 .179998
177303 9 .0976893
177304 9 .31064
177305 9 2.4257
177306 9 1.70395
177307 9 4.81701
177449 9 .0426533
177695 9 .826568
177696 9 .475261
177697 9 .178424
177698 9 .608819
177699 9 .0926916
177700 9 .620047
177701 9 1.03793
177702 9 .285372
177703 9 1.54215
177704 9 .858221
177705 9 .719214
177706 9 4.94505
177707 9 7.89152
177708 9 3.83165
177709 9 41.6732
192793 9 .0190294
192794 9 .811084
192795 9 .186259
192796 9 .212261
192797 9 .548999
192798 9 2.16801
192799 9 3.37798
192800 9 12.3315
192877 9 .151922
192878 9 1.25066
192879 9 6.6895
192880 9 2.95544
192881 9 3.7276
192882 9 20.2974
192883 9 12.279
192884 9 67.9823
